[[9.10590430e-08 1.00000000e+00 1.46896170e-15 ... 2.22854435e-17
  2.21680980e-17 8.12938442e-16]
 [2.11964252e-05 9.99984264e-01 7.78130357e-07 ... 4.49027534e-13
  5.41497691e-08 1.79290333e-10]
 [5.87296486e-01 9.83471215e-01 2.30873793e-01 ... 8.48620087e-02
  2.16257885e-01 2.06518576e-01]
 ...
 [2.02110891e-06 1.67441769e-10 3.93752266e-08 ... 2.71168023e-18
  1.65066969e-14 1.79639765e-18]
 [3.51667491e-04 3.94475460e-02 2.60746386e-03 ... 7.38668241e-13
  3.43835183e-09 5.80874071e-10]
 [9.34883312e-04 3.18309432e-08 1.45412594e-01 ... 2.00126699e-12
  1.46124863e-08 1.09562385e-11]]